0   1
1	905
1	989
1	993
2	820
2	962
2	982
3	803
3	937
3	980
4	948
4	960
4	962
5	62
5	84
5	226
6	950
6	980
6	993
7	971
7	972
7	996
8	978
8	983
8	995
9	352
9	695
9	914
10	287
10	684
10	795
11	990
11	995
11	999
12	767
12	950
12	997
13	419
13	878
13	950
14	922
14	989
14	993
15	61
15	990
15	999
16	984
16	996
16	1000
17	945
17	959
17	982
18	464
18	657
18	969
19	581
19	897
19	933
20	333
20	474
20	500
21	946
21	968
21	999
22	817
22	943
22	994
23	571
23	779
23	906
24	951
24	989
24	993
25	314
25	965
25	967
26	791
26	919
26	990
27	937
27	991
27	994
28	803
28	957
28	997
29	866
29	988
29	999
30	621
30	960
30	962
31	949
31	978
31	983
32	979
32	989
32	993
33	275
33	579
33	936
34	797
34	986
34	1000
35	957
35	973
35	998
36	956
36	978
36	995
37	895
37	991
37	994
38	960
38	961
38	962
39	950
39	972
39	999
40	75
40	824
40	863
41	744
41	783
41	997
42	942
42	981
42	989
43	602
43	974
43	981
44	928
44	943
44	996
45	922
45	955
45	996
46	554
46	823
46	984
47	965
47	983
47	995
48	938
48	985
48	992
49	977
49	980
49	997
50	226
50	510
50	996
51	944
51	975
51	1000
52	803
52	891
52	997
53	862
53	882
53	914
54	987
54	988
54	999
55	904
55	909
55	990
56	946
56	987
56	999
57	944
57	991
57	994
58	880
58	904
58	952
59	331
59	482
59	823
60	952
60	960
60	962
61	15
61	992
61	998
62	5
62	344
62	738
63	990
63	998
63	999
64	981
64	985
64	993
65	700
65	863
65	983
66	987
66	990
66	999
67	938
67	966
67	998
68	906
68	972
68	997
69	968
69	990
69	999
70	345
70	425
70	439
71	915
71	922
71	952
72	147
72	200
72	676
73	362
73	628
73	789
74	458
74	943
74	996
75	40
75	299
75	914
76	949
76	978
76	995
77	985
77	992
77	998
78	834
78	886
78	996
79	881
79	886
79	964
80	965
80	995
80	997
81	821
81	960
81	962
82	146
82	659
82	701
83	971
83	984
83	996
84	5
84	874
84	997
85	932
85	959
85	982
86	921
86	924
86	959
87	230
87	987
87	999
88	190
88	533
88	886
89	794
89	915
89	952
90	927
90	981
90	995
91	955
91	976
91	996
92	918
92	947
92	1000
93	122
93	474
93	500
94	576
94	703
94	769
95	589
95	728
95	769
96	764
96	771
96	919
97	915
97	922
97	952
98	831
98	922
98	952
99	960
99	961
99	962
100	876
100	952
100	998
101	929
101	970
101	975
102	640
102	805
102	997
103	804
103	882
103	950
104	953
104	959
104	982
105	976
105	986
105	1000
106	260
106	331
106	482
107	178
107	989
107	993
108	987
108	988
108	999
109	948
109	987
109	990
110	341
110	707
110	791
111	612
111	973
111	992
112	193
112	271
112	717
113	830
113	991
113	994
114	827
114	881
114	886
115	858
115	872
115	884
116	981
116	989
116	993
117	969
117	979
117	993
118	754
118	945
118	994
119	619
119	882
119	914
120	381
120	979
120	989
121	731
121	739
121	975
122	93
122	957
122	997
123	911
123	961
123	975
124	892
124	922
124	952
125	854
125	925
125	992
126	742
126	881
126	886
127	851
127	880
127	993
128	284
128	499
128	521
129	814
129	980
129	997
130	988
130	990
130	999
131	275
131	294
131	692
132	979
132	988
132	999
133	154
133	973
133	998
134	278
134	982
134	997
135	742
135	748
135	831
136	875
136	991
136	994
137	234
137	743
137	984
138	468
138	970
138	975
139	934
139	937
139	998
140	252
140	960
140	971
141	830
141	903
141	957
142	785
142	823
142	996
143	399
143	872
143	924
144	963
144	983
144	995
145	258
145	382
145	996
146	82
146	522
146	585
147	72
147	986
147	1000
148	541
148	735
148	897
149	948
149	959
149	982
150	908
150	944
150	965
151	968
151	987
151	990
152	486
152	992
152	998
153	721
153	828
153	920
154	133
154	499
154	521
155	828
155	991
155	994
156	955
156	984
156	996
157	862
157	912
157	995
158	519
158	957
158	996
159	901
159	944
159	982
160	932
160	973
160	998
161	396
161	626
161	982
162	700
162	986
162	1000
163	863
163	965
163	995
164	972
164	977
164	997
165	633
165	768
165	886
166	403
166	874
166	997
167	765
167	976
167	1000
168	976
168	997
168	1000
169	689
169	784
169	912
170	774
170	960
170	962
171	186
171	949
171	995
172	985
172	989
172	993
173	973
173	992
173	998
174	638
174	750
174	999
175	986
175	990
175	1000
176	873
176	986
176	1000
177	976
177	986
177	1000
178	107
178	947
178	1000
179	610
179	880
179	952
180	965
180	983
180	995
181	938
181	969
181	989
182	895
182	936
182	994
183	727
183	928
183	996
184	482
184	695
184	795
185	965
185	988
185	999
186	171
186	800
186	982
187	755
187	987
187	999
188	925
188	997
188	998
189	517
189	928
189	996
190	88
190	689
190	933
191	526
191	991
191	994
192	967
192	978
192	995
193	112
193	573
193	654
194	871
194	986
194	1000
195	939
195	986
195	1000
196	930
196	940
196	965
197	955
197	989
197	993
198	568
198	592
198	970
199	910
199	953
199	982
200	72
200	392
200	897
201	715
201	859
201	919
202	906
202	971
202	996
203	803
203	938
203	998
204	609
204	989
204	993
205	895
205	990
205	999
206	830
206	917
206	997
207	666
207	701
207	948
208	779
208	930
208	967
209	957
209	977
209	997
210	875
210	981
210	993
211	721
211	820
211	982
212	789
212	971
212	996
213	726
213	857
213	952
214	422
214	974
214	981
215	724
215	946
215	990
216	658
216	970
216	975
217	879
217	981
217	988
218	343
218	920
218	970
219	613
219	972
219	997
220	902
220	959
220	982
221	893
221	992
221	998
222	498
222	992
222	998
223	796
223	872
223	965
224	319
224	989
224	993
225	778
225	984
225	996
226	5
226	50
226	344
227	570
227	979
227	981
228	530
228	915
228	952
229	964
229	988
229	990
230	87
230	929
230	975
231	391
231	984
231	996
232	520
232	570
232	657
233	622
233	975
233	976
234	137
234	885
234	984
235	575
235	991
235	994
236	921
236	924
236	994
237	945
237	976
237	1000
238	401
238	441
238	573
239	810
239	929
239	996
240	974
240	990
240	999
241	857
241	880
241	952
242	868
242	990
242	999
243	987
243	988
243	999
244	485
244	960
244	962
245	921
245	924
245	995
246	960
246	962
246	974
247	621
247	626
247	924
248	551
248	621
248	626
249	981
249	989
249	993
250	969
250	979
250	989
251	943
251	991
251	994
252	140
252	401
252	928
253	940
253	977
253	997
254	947
254	976
254	1000
255	595
255	937
255	998
256	920
256	953
256	982
257	868
257	988
257	999
258	145
258	968
258	999
259	395
259	964
259	999
260	106
260	331
260	482
261	963
261	967
261	995
262	918
262	989
262	1000
263	877
263	989
263	993
264	832
264	988
264	999
265	947
265	986
265	1000
266	948
266	978
266	983
267	545
267	697
267	919
268	945
268	991
268	994
269	889
269	960
269	1000
270	692
270	885
270	996
271	112
271	621
271	884
272	576
272	728
272	769
273	936
273	944
273	1000
274	829
274	985
274	998
275	33
275	131
275	921
276	878
276	977
276	997
277	825
277	965
277	995
278	134
278	719
278	982
278	993
279	502
279	985
279	992
279	998
280	889
280	976
280	986
280	1000
281	791
281	950
281	977
281	997
282	838
282	967
282	978
282	995
283	973
283	985
283	992
283	998
284	128
284	389
284	499
284	521
285	380
285	935
285	973
285	995
286	720
286	945
286	991
286	994
287	10
287	638
287	695
287	795
288	680
288	895
288	936
288	994
289	728
289	988
289	990
289	999
290	565
290	788
290	923
290	970
291	974
291	981
291	989
291	993
292	961
292	966
292	985
292	998
293	964
293	974
293	987
293	999
294	131
294	306
294	498
294	698
295	624
295	684
295	795
295	998
296	950
296	957
296	972
296	980
297	676
297	829
297	970
297	975
298	683
298	867
298	991
298	994
299	75
299	960
299	961
299	962
300	488
300	947
300	954
300	1000
301	735
301	924
301	933
301	983
302	503
302	889
302	986
302	1000
303	944
303	976
303	986
303	1000
304	630
304	686
304	987
304	999
305	910
305	964
305	969
305	999
306	294
306	692
306	698
306	744
307	917
307	960
307	961
307	962
308	363
308	709
308	715
308	919
309	563
309	845
309	939
309	1000
310	366
310	956
310	983
310	995
311	516
311	845
311	934
311	1000
312	709
312	730
312	977
312	997
313	469
313	867
313	991
313	994
314	25
314	954
314	986
314	1000
315	529
315	955
315	984
315	996
316	792
316	843
316	929
316	975
317	972
317	980
317	996
317	997
318	717
318	826
318	991
318	994
319	224
319	423
319	827
319	881
320	388
320	704
320	970
320	975
321	435
321	793
321	955
321	996
322	857
322	915
322	921
322	952
323	830
323	934
323	987
323	999
324	752
324	765
324	843
324	975
325	853
325	977
325	980
325	997
326	914
326	963
326	983
326	995
327	472
327	955
327	971
327	996
328	943
328	988
328	991
328	994
329	781
329	984
329	986
329	996
330	937
330	973
330	985
330	998
331	59
331	106
331	260
331	482
332	456
332	915
332	952
332	963
333	20
333	474
333	500
333	957
334	831
334	937
334	966
334	998
335	822
335	839
335	944
335	1000
336	653
336	851
336	922
336	952
337	956
337	965
337	978
337	995
338	731
338	884
338	969
338	993
339	894
339	960
339	961
339	962
340	873
340	954
340	992
340	1000
341	110
341	969
341	979
341	993
342	943
342	945
342	991
342	994
343	218
343	824
343	893
343	908
344	62
344	226
344	461
344	698
345	70
345	415
345	425
345	439
346	875
346	926
346	991
346	994
347	536
347	741
347	919
347	995
348	859
348	909
348	979
348	989
349	946
349	978
349	988
349	999
350	985
350	987
350	992
350	998
351	768
351	827
351	881
351	886
352	9
352	804
352	805
352	986
353	628
353	671
353	984
353	996
354	888
354	931
354	987
354	990
355	669
355	708
355	833
355	986
356	584
356	915
356	952
356	979
357	516
357	954
357	988
357	1000
358	966
358	985
358	992
358	998
359	883
359	987
359	988
359	999
360	979
360	981
360	993
360	999
361	862
361	976
361	986
361	1000
362	73
362	712
362	984
362	996
363	308
363	703
363	728
363	769
364	867
364	986
364	991
364	994
365	939
365	976
365	997
365	1000
366	310
366	913
366	986
366	1000
367	919
367	977
367	980
367	997
368	932
368	967
368	983
368	995
369	911
369	929
369	970
369	975
370	791
370	859
370	919
370	987
371	581
371	686
371	708
371	933
372	875
372	883
372	991
372	994
373	751
373	893
373	939
373	982
374	861
374	985
374	992
374	998
375	432
375	938
375	973
375	992
376	857
376	915
376	922
376	952
377	787
377	933
377	967
377	983
378	832
378	911
378	970
378	975
379	585
379	659
379	683
379	701
380	285
380	834
380	935
380	983
381	120
381	973
381	992
381	998
382	145
382	648
382	917
382	996
383	927
383	977
383	980
383	997
384	673
384	843
384	911
384	981
385	778
385	979
385	981
385	989
386	845
386	867
386	991
386	994
387	638
387	684
387	695
387	795
388	320
388	935
388	983
388	995
389	284
389	908
389	978
389	995
390	933
390	951
390	974
390	989
391	231
391	976
391	986
391	1000
392	200
392	906
392	984
392	996
393	948
393	956
393	965
393	995
394	920
394	953
394	959
394	982
395	259
395	710
395	970
395	975
396	161
396	800
396	809
396	959
397	701
397	814
397	972
397	997
398	554
398	966
398	985
398	992
399	143
399	749
399	924
399	955
400	974
400	981
400	993
400	995
401	238
401	252
401	441
401	626
402	451
402	692
402	698
402	994
403	166
403	958
403	973
403	998
404	737
404	828
404	870
404	982
405	578
405	954
405	986
405	1000
406	427
406	541
406	918
406	933
407	688
407	906
407	984
407	996
408	814
408	972
408	980
408	997
409	513
409	966
409	991
409	994
410	761
410	948
410	967
410	995
411	681
411	890
411	991
411	994
412	868
412	987
412	988
412	999
413	932
413	945
413	966
413	998
414	686
414	885
414	941
414	984
415	345
415	425
415	439
415	946
416	974
416	979
416	981
416	989
417	844
417	960
417	961
417	962
418	546
418	941
418	983
418	995
419	13
419	977
419	988
419	997
420	916
420	974
420	989
420	1000
421	976
421	986
421	988
421	1000
422	214
422	960
422	961
422	962
423	319
423	812
423	983
423	995
424	966
424	973
424	985
424	998
425	70
425	345
425	415
425	713
426	476
426	888
426	986
426	1000
427	406
427	796
427	897
427	924
428	936
428	943
428	991
428	994
429	920
429	974
429	981
429	993
430	698
430	979
430	989
430	993
431	819
431	850
431	970
431	975
432	375
432	971
432	984
432	996
433	948
433	956
433	983
433	994
434	953
434	959
434	975
434	982
435	321
435	546
435	928
435	996
436	716
436	980
436	995
436	997
437	455
437	972
437	980
437	997
438	889
438	954
438	986
438	1000
439	70
439	345
439	415
439	719
440	447
440	905
440	960
440	961
440	962
441	238
441	401
441	573
441	621
441	817
442	555
442	890
442	991
442	994
442	995
443	928
443	964
443	971
443	984
443	996
444	706
444	727
444	885
444	971
444	984
445	789
445	912
445	956
445	965
445	978
446	802
446	848
446	969
446	980
446	997
447	440
447	946
447	988
447	990
447	999
448	987
448	988
448	990
448	993
448	999
449	737
449	869
449	939
449	976
449	1000
450	680
450	719
450	901
450	966
450	982
451	402
451	461
451	498
451	692
451	733
452	536
452	560
452	771
452	859
452	919
453	817
453	895
453	920
453	991
453	994
454	927
454	942
454	974
454	993
454	999
455	437
455	917
455	960
455	961
455	962
456	332
456	807
456	922
456	952
456	994
457	789
457	892
457	971
457	984
457	996
458	74
458	802
458	810
458	984
458	996
459	790
459	915
459	949
459	978
459	983
460	939
460	976
460	986
460	988
460	1000
461	344
461	451
461	692
461	698
461	833
462	840
462	843
462	923
462	970
462	992
463	936
463	945
463	972
463	991
463	994
464	18
464	480
464	570
464	657
464	994
465	625
465	628
465	793
465	982
465	996
466	558
466	946
466	987
466	990
466	999
467	906
467	955
467	964
467	984
467	996
468	138
468	942
468	981
468	989
468	993
469	313
469	932
469	958
469	985
469	992
470	926
470	932
470	966
470	992
470	998
471	551
471	694
471	977
471	980
471	997
472	327
472	926
472	931
472	964
472	987
473	615
473	667
473	872
473	921
473	948
474	20
474	93
474	333
474	500
474	575
475	813
475	958
475	985
475	992
475	998
476	426
476	807
476	871
476	986
476	1000
477	643
477	705
477	989
477	991
477	994
478	726
478	906
478	984
478	989
478	996
479	625
479	740
479	955
479	984
479	996
480	464
480	520
480	570
480	657
480	760
481	509
481	668
481	862
481	882
481	914
482	59
482	106
482	184
482	260
482	331
483	837
483	887
483	934
483	990
483	991
484	765
484	866
484	976
484	986
484	1000
485	244
485	631
485	700
485	805
485	914
486	152
486	852
486	936
486	991
486	994
487	927
487	969
487	974
487	981
487	993
488	300
488	937
488	985
488	992
488	998
489	562
489	974
489	981
489	989
489	993
490	597
490	821
490	987
490	988
490	999
491	872
491	940
491	985
491	992
491	998
492	567
492	941
492	965
492	978
492	995
493	906
493	955
493	984
493	992
493	996
494	881
494	969
494	979
494	981
494	993
495	691
495	956
495	963
495	978
495	995
496	807
496	857
496	910
496	915
496	952
497	949
497	954
497	956
497	967
497	978
498	222
498	294
498	451
498	692
498	698
499	128
499	154
499	284
499	521
499	659
500	20
500	93
500	333
500	474
500	684
501	781
501	819
501	929
501	970
501	975
502	279
502	979
502	981
502	989
502	993
503	302
503	715
503	764
503	859
503	919
504	582
504	809
504	926
504	953
504	982
505	606
505	815
505	966
505	992
505	998
506	949
506	956
506	978
506	995
506	997
507	817
507	936
507	983
507	991
507	994
508	855
508	951
508	974
508	979
508	993
509	481
509	932
509	985
509	992
509	998
510	50
510	853
510	885
510	984
510	996
511	722
511	797
511	943
511	991
511	994
512	608
512	826
512	945
512	991
512	994
513	409
513	652
513	725
513	991
513	994
514	893
514	896
514	920
514	959
514	967
515	957
515	969
515	979
515	989
515	993
516	311
516	357
516	985
516	986
516	1000
517	189
517	894
517	987
517	988
517	999
518	735
518	872
518	924
518	933
518	960
519	158
519	929
519	957
519	977
519	997
520	232
520	480
520	570
520	657
520	727
521	128
521	154
521	284
521	499
521	822
522	146
522	659
522	666
522	701
522	998
523	825
523	903
523	977
523	980
523	997
524	740
524	783
524	957
524	977
524	980
525	717
525	943
525	945
525	991
525	994
526	191
526	798
526	964
526	968
526	999
527	889
527	892
527	976
527	989
527	1000
528	969
528	979
528	989
528	991
528	993
529	315
529	974
529	981
529	989
529	993
530	228
530	950
530	957
530	970
530	997
531	716
531	840
531	950
531	977
531	997
532	598
532	805
532	862
532	914
532	958
533	88
533	827
533	831
533	872
533	886
534	725
534	835
534	978
534	983
534	995
535	731
535	968
535	987
535	988
535	999
536	347
536	452
536	771
536	897
536	919
537	875
537	903
537	950
537	980
537	997
538	937
538	938
538	953
538	992
538	998
539	657
539	940
539	958
539	985
539	998
540	748
540	768
540	831
540	881
540	893
541	148
541	406
541	897
541	924
541	982
542	905
542	960
542	961
542	962
542	989
543	851
543	925
543	985
543	992
543	998
544	852
544	950
544	957
544	980
544	997
545	267
545	791
545	859
545	919
545	991
546	418
546	435
546	928
546	971
546	996
547	903
547	932
547	957
547	977
547	997
548	950
548	957
548	980
548	990
548	997
549	667
549	751
549	883
549	896
549	965
549	982
550	764
550	925
550	958
550	985
550	992
550	998
551	248
551	471
551	802
551	933
551	977
551	997
552	829
552	960
552	966
552	973
552	992
552	998
553	605
553	803
553	874
553	950
553	977
553	980
554	46
554	398
554	571
554	971
554	984
554	996
555	442
555	786
555	810
555	936
555	991
555	994
556	727
556	928
556	935
556	971
556	984
556	996
557	833
557	858
557	879
557	921
557	924
557	933
558	466
558	892
558	947
558	985
558	986
558	1000
559	637
559	732
559	803
559	808
559	902
559	997
560	452
560	798
560	968
560	987
560	990
560	999
561	928
561	931
561	955
561	971
561	984
561	996
562	489
562	908
562	963
562	967
562	992
562	995
563	309
563	805
563	862
563	863
563	882
563	914
564	785
564	825
564	860
564	963
564	983
564	995
565	290
565	640
565	730
565	952
565	977
565	997
566	720
566	878
566	964
566	980
566	987
566	997
567	492
567	873
567	954
567	976
567	986
567	1000
568	198
568	632
568	786
568	850
568	970
568	975
569	822
569	907
569	925
569	932
569	985
569	998
570	227
570	232
570	464
570	480
570	520
570	657
571	23
571	554
571	588
571	617
571	984
571	996
572	935
572	948
572	956
572	963
572	995
572	999
573	193
573	238
573	441
573	621
573	626
573	708
574	718
574	939
574	944
574	954
574	976
574	1000
575	235
575	474
575	717
575	786
575	991
575	994
576	94
576	272
576	589
576	703
576	728
576	769
577	748
577	909
577	937
577	985
577	992
577	998
578	405
578	642
578	941
578	967
578	978
578	995
579	33
579	784
579	818
579	876
579	899
579	924
580	916
580	930
580	963
580	965
580	978
580	983
581	19
581	371
581	818
581	917
581	921
581	963
582	504
582	658
582	812
582	870
582	953
582	982
583	853
583	874
583	968
583	972
583	980
583	997
584	356
584	586
584	790
584	880
584	922
584	952
585	146
585	379
585	659
585	701
585	900
585	997
586	584
586	832
586	856
586	976
586	986
586	1000
587	735
587	796
587	818
587	858
587	933
587	976
588	571
588	955
588	971
588	978
588	984
588	996
589	95
589	576
589	703
589	728
589	769
589	996
590	926
590	954
590	968
590	987
590	988
590	990
591	905
591	925
591	960
591	961
591	962
591	998
592	198
592	941
592	965
592	978
592	983
592	995
593	723
593	830
593	876
593	972
593	977
593	997
594	869
594	892
594	918
594	939
594	989
594	1000
595	255
595	776
595	972
595	977
595	980
595	997
596	907
596	940
596	958
596	978
596	992
596	998
597	490
597	710
597	777
597	911
597	970
597	975
598	532
598	655
598	862
598	863
598	914
598	990
599	752
599	941
599	949
599	978
599	983
599	995
600	825
600	929
600	956
600	978
600	983
600	995
601	653
601	729
601	851
601	922
601	952
601	969
602	43
602	675
602	892
602	944
602	947
602	1000
603	737
603	824
603	870
603	936
603	959
603	982
604	723
604	948
604	949
604	956
604	965
604	983
605	553
605	662
605	883
605	953
605	959
605	982
606	505
606	940
606	968
606	985
606	992
606	998
607	935
607	949
607	965
607	967
607	983
607	989
608	512
608	937
608	938
608	973
608	992
608	998
609	204
609	738
609	939
609	964
609	987
609	990
610	179
610	807
610	851
610	880
610	915
610	989
611	775
611	944
611	947
611	980
611	986
611	1000
612	111
612	852
612	943
612	945
612	991
612	994
613	219
613	734
613	901
613	953
613	959
613	982
614	694
614	750
614	800
614	896
614	953
614	982
615	473
615	634
615	784
615	791
615	833
615	933
616	631
616	648
616	885
616	971
616	984
616	996
617	571
617	910
617	931
617	964
617	968
617	999
618	719
618	762
618	828
618	920
618	953
618	959
619	119
619	934
619	946
619	987
619	988
619	990
619	999
620	951
620	967
620	969
620	974
620	979
620	989
620	993
621	30
621	247
621	248
621	271
621	441
621	573
621	626
622	233
622	641
622	819
622	911
622	929
622	943
622	970
623	898
623	932
623	951
623	969
623	979
623	981
623	989
624	295
624	638
624	684
624	695
624	757
624	795
624	994
625	465
625	479
625	955
625	963
625	971
625	984
625	996
626	161
626	247
626	248
626	401
626	573
626	621
626	995
627	903
627	972
627	977
627	980
627	991
627	993
627	997
628	73
628	353
628	465
628	928
628	959
628	993
628	996
629	920
629	937
629	938
629	958
629	966
629	985
629	998
630	304
630	964
630	975
630	988
630	990
630	996
630	999
631	485
631	616
631	700
631	702
631	816
631	863
631	914
632	568
632	644
632	840
632	860
632	898
632	970
632	975
633	165
633	748
633	808
633	827
633	881
633	886
633	982
634	615
634	899
634	905
634	917
634	960
634	961
634	962
635	758
635	832
635	892
635	954
635	976
635	986
635	1000
636	691
636	910
636	926
636	931
636	990
636	991
636	999
637	559
637	803
637	830
637	903
637	972
637	988
637	997
638	174
638	287
638	387
638	624
638	684
638	695
638	795
639	648
639	685
639	800
639	901
639	959
639	972
639	982
640	102
640	565
640	732
640	950
640	957
640	964
640	997
641	622
641	777
641	850
641	860
641	970
641	975
641	986
642	578
642	820
642	908
642	922
642	941
642	967
642	995
643	477
643	736
643	852
643	936
643	972
643	991
643	994
644	632
644	754
644	829
644	836
644	929
644	970
644	975
645	651
645	941
645	948
645	965
645	975
645	983
645	995
646	912
646	935
646	963
646	978
646	983
646	995
646	996
647	699
647	947
647	954
647	976
647	986
647	988
647	1000
648	382
648	616
648	639
648	810
648	823
648	928
648	984
649	653
649	940
649	966
649	971
649	985
649	992
649	998
650	909
650	916
650	940
650	951
650	969
650	989
650	993
651	645
651	894
651	931
651	934
651	986
651	988
651	990
652	513
652	890
652	936
652	943
652	991
652	994
652	999
653	336
653	601
653	649
653	857
653	915
653	922
653	952
654	193
654	774
654	840
654	860
654	923
654	929
654	975
655	598
655	702
655	804
655	862
655	863
655	882
655	983
656	799
656	892
656	918
656	944
656	947
656	976
656	1000
657	18
657	232
657	464
657	480
657	520
657	539
657	570
658	216
658	582
658	685
658	751
658	825
658	901
658	982
659	82
659	379
659	499
659	522
659	585
659	666
659	701
660	680
660	870
660	920
660	951
660	953
660	959
660	982
661	730
661	760
661	882
661	903
661	972
661	990
661	997
662	605
662	907
662	938
662	958
662	966
662	985
662	998
663	928
663	955
663	971
663	984
663	985
663	996
663	999
664	667
664	676
664	708
664	782
664	864
664	921
664	933
665	932
665	940
665	958
665	972
665	973
665	985
665	998
666	207
666	522
666	659
666	701
666	764
666	877
666	913
667	473
667	549
667	664
667	921
667	924
667	933
667	975
668	481
668	805
668	862
668	863
668	869
668	882
668	914
669	355
669	676
669	749
669	818
669	858
669	924
669	970
670	672
670	775
670	918
670	939
670	954
670	976
670	1000
671	353
671	746
671	834
671	894
671	955
671	971
671	996
672	670
672	778
672	885
672	955
672	971
672	984
672	996
673	384
673	704
673	866
673	923
673	929
673	970
673	975
674	761
674	898
674	940
674	966
674	973
674	985
674	987
674	992
675	602
675	918
675	939
675	944
675	946
675	947
675	954
675	1000
676	72
676	297
676	664
676	669
676	872
676	897
676	933
676	970
677	887
677	894
677	910
677	931
677	942
677	964
677	988
677	999
678	869
678	909
678	927
678	942
678	974
678	979
678	989
678	993
679	899
679	900
679	905
679	917
679	960
679	961
679	962
679	993
680	288
680	450
680	660
680	685
680	735
680	901
680	953
680	982
681	411
681	801
681	948
681	949
681	963
681	967
681	983
681	995
682	828
682	847
682	883
682	896
682	953
682	959
682	978
682	982
683	298
683	379
683	916
683	969
683	979
683	981
683	989
683	993
684	10
684	295
684	387
684	500
684	624
684	638
684	695
684	795
685	639
685	658
685	680
685	717
685	789
685	847
685	953
685	982
686	304
686	371
686	414
686	745
686	955
686	971
686	984
686	996
687	930
687	949
687	965
687	967
687	976
687	978
687	983
687	995
688	407
688	932
688	966
688	969
688	973
688	985
688	992
688	998
689	169
689	190
689	749
689	782
689	818
689	922
689	933
689	942
690	909
690	942
690	951
690	969
690	979
690	981
690	983
690	993
691	495
691	636
691	898
691	958
691	966
691	985
691	992
691	998
692	131
692	270
692	306
692	402
692	451
692	461
692	498
692	913
693	735
693	927
693	942
693	974
693	979
693	981
693	989
693	993
694	471
694	614
694	908
694	912
694	963
694	967
694	983
694	995
695	9
695	184
695	287
695	387
695	624
695	638
695	684
695	795
696	712
696	722
696	895
696	908
696	936
696	945
696	994
696	995
697	267
697	707
697	709
697	714
697	764
697	791
697	859
697	919
698	294
698	306
698	344
698	402
698	430
698	461
698	498
698	887
699	647
699	761
699	822
699	947
699	949
699	976
699	986
699	1000
700	65
700	162
700	485
700	631
700	702
700	804
700	862
700	914
701	82
701	207
701	379
701	397
701	522
701	585
701	659
701	666
702	631
702	655
702	700
702	862
702	863
702	882
702	914
702	923
703	94
703	363
703	576
703	589
703	728
703	769
703	957
703	987
704	320
704	673
704	829
704	923
704	929
704	970
704	975
704	994
705	477
705	852
705	875
705	922
705	943
705	945
705	991
705	994
706	444
706	880
706	940
706	958
706	973
706	985
706	992
706	998
707	110
707	697
707	741
707	764
707	771
707	859
707	919
707	979
708	355
708	371
708	573
708	664
708	833
708	921
708	933
708	976
709	308
709	312
709	697
709	741
709	764
709	771
709	859
709	954
710	395
710	597
710	819
710	843
710	850
710	945
710	973
710	975
711	773
711	777
711	852
711	936
711	943
711	945
711	991
711	994
712	362
712	696
712	722
712	929
712	936
712	945
712	991
712	994
713	425
713	932
713	940
713	958
713	973
713	985
713	992
713	998
714	697
714	942
714	951
714	969
714	974
714	981
714	989
714	993
715	201
715	308
715	503
715	741
715	748
715	791
715	919
715	982
716	436
716	531
716	806
716	809
716	848
716	878
716	980
716	997
717	112
717	318
717	525
717	575
717	685
717	936
717	945
717	991
717	994
718	574
718	839
718	888
718	908
718	935
718	948
718	978
718	983
718	995
719	278
719	439
719	450
719	618
719	889
719	893
719	896
719	959
719	982
720	286
720	566
720	802
720	902
720	950
720	957
720	972
720	977
720	997
721	153
721	211
721	820
721	883
721	893
721	953
721	980
721	982
721	998
722	511
722	696
722	712
722	875
722	926
722	943
722	945
722	991
722	994
723	593
723	604
723	744
723	878
723	885
723	902
723	972
723	977
723	997
724	215
724	904
724	910
724	968
724	977
724	987
724	988
724	990
724	999
725	513
725	534
725	801
725	909
725	969
725	974
725	981
725	989
725	993
726	213
726	478
726	755
726	789
726	793
726	811
726	834
726	984
726	996
727	183
727	444
727	520
727	556
727	746
727	825
727	955
727	971
727	996
728	95
728	272
728	289
728	363
728	576
728	589
728	703
728	769
728	835
729	601
729	753
729	787
729	851
729	880
729	915
729	922
729	929
729	952
730	312
730	565
730	661
730	856
730	950
730	972
730	977
730	980
730	983
731	121
731	338
731	535
731	819
731	836
731	923
731	929
731	970
731	975
732	559
732	640
732	814
732	950
732	957
732	972
732	980
732	981
732	997
733	451
733	753
733	807
733	851
733	857
733	880
733	922
733	926
733	952
734	613
734	826
734	858
734	875
734	890
734	943
734	945
734	991
734	994
735	148
735	301
735	518
735	587
735	680
735	693
735	818
735	858
735	921
736	643
736	786
736	936
736	943
736	945
736	971
736	979
736	991
736	994
737	404
737	449
737	603
737	896
737	920
737	953
737	959
737	982
737	990
738	62
738	609
738	910
738	913
738	974
738	987
738	988
738	990
738	999
739	121
739	903
739	942
739	951
739	969
739	974
739	979
739	981
739	993
740	479
740	524
740	845
740	918
740	947
740	954
740	976
740	986
740	1000
741	347
741	707
741	709
741	715
741	771
741	791
741	859
741	919
741	930
742	126
742	135
742	808
742	827
742	831
742	881
742	886
742	907
742	917
743	137
743	927
743	951
743	961
743	969
743	979
743	981
743	989
743	993
744	41
744	306
744	723
744	848
744	874
744	971
744	972
744	980
744	997
745	686
745	755
745	832
745	834
745	864
745	906
745	928
745	984
745	996
746	671
746	727
746	755
746	784
746	823
746	928
746	971
746	984
746	996
747	777
747	843
747	850
747	853
747	906
747	911
747	923
747	970
747	975
748	135
748	540
748	577
748	633
748	715
748	808
748	831
748	881
748	886
749	399
749	669
749	689
749	782
749	799
749	872
749	897
749	924
749	933
750	174
750	614
750	846
750	904
750	987
750	988
750	990
750	999
750	1000
751	373
751	549
751	658
751	824
751	836
751	870
751	953
751	982
751	1000
752	324
752	599
752	829
752	840
752	860
752	917
752	923
752	929
752	970
752	975
753	729
753	733
753	807
753	851
753	880
753	915
753	922
753	939
753	952
753	1000
754	118
754	644
754	842
754	849
754	938
754	958
754	966
754	973
754	992
754	998
755	187
755	726
755	745
755	746
755	778
755	881
755	955
755	971
755	984
755	996
756	861
756	899
756	900
756	905
756	917
756	960
756	961
756	962
756	974
756	977
757	624
757	925
757	937
757	940
757	966
757	973
757	983
757	985
757	992
757	998
758	635
758	898
758	925
758	937
758	940
758	958
758	973
758	984
758	985
758	998
759	772
759	826
759	852
759	875
759	890
759	893
759	943
759	945
759	991
759	994
760	480
760	661
760	783
760	804
760	830
760	874
760	878
760	950
760	972
760	980
761	410
761	674
761	699
761	822
761	873
761	939
761	944
761	954
761	986
761	1000
762	618
762	839
762	875
762	910
762	964
762	968
762	987
762	988
762	990
762	999
763	838
763	900
763	934
763	946
763	964
763	968
763	987
763	988
763	990
763	999
764	96
764	503
764	550
764	666
764	697
764	707
764	709
764	771
764	859
764	919
765	167
765	324
765	484
765	856
765	939
765	942
765	954
765	976
765	986
765	1000
766	889
766	927
766	951
766	957
766	969
766	974
766	979
766	981
766	989
766	993
767	12
767	772
767	869
767	939
767	944
767	947
767	976
767	986
767	992
767	1000
768	165
768	351
768	540
768	808
768	818
768	827
768	831
768	881
768	886
768	976
769	94
769	95
769	272
769	363
769	576
769	589
769	703
769	728
769	786
769	1000
770	848
770	858
770	916
770	927
770	951
770	974
770	979
770	981
770	989
770	993
771	96
771	452
771	536
771	707
771	709
771	741
771	764
771	919
771	987
771	999
772	759
772	767
772	869
772	871
772	897
772	944
772	947
772	954
772	976
772	1000
773	711
773	856
773	871
773	873
773	918
773	944
773	947
773	972
773	976
773	1000
774	170
774	654
774	783
774	853
774	874
774	903
774	957
774	972
774	977
774	997
775	611
775	670
775	832
775	869
775	889
775	930
775	939
775	978
775	986
775	1000
776	595
776	830
776	848
776	902
776	919
776	957
776	958
776	972
776	977
776	980
777	597
777	641
777	711
777	747
777	836
777	843
777	929
777	970
777	975
777	978
778	225
778	385
778	672
778	755
778	834
778	885
778	936
778	971
778	984
778	996
779	23
779	208
779	912
779	935
779	948
779	949
779	963
779	978
779	982
779	995
780	821
780	913
780	928
780	946
780	968
780	981
780	987
780	988
780	990
780	999
781	329
781	501
781	823
781	834
781	906
781	926
781	955
781	971
781	984
781	996
782	664
782	689
782	749
782	784
782	796
782	800
782	897
782	921
782	933
782	977
783	41
783	524
783	760
783	774
783	800
783	904
783	908
783	957
783	972
783	980
783	997
784	169
784	579
784	615
784	746
784	782
784	833
784	860
784	872
784	897
784	921
784	924
785	142
785	564
785	912
785	930
785	935
785	941
785	949
785	963
785	978
785	995
785	996
786	555
786	568
786	575
786	736
786	769
786	826
786	852
786	867
786	945
786	991
786	994
787	377
787	729
787	838
787	868
787	912
787	935
787	948
787	956
787	967
787	983
787	995
788	290
788	836
788	840
788	850
788	860
788	911
788	923
788	935
788	966
788	970
788	975
789	73
789	212
789	445
789	457
789	685
789	726
789	955
789	962
789	971
789	984
789	996
790	459
790	584
790	806
790	930
790	941
790	948
790	956
790	963
790	978
790	983
790	995
791	26
791	110
791	281
791	370
791	545
791	615
791	697
791	715
791	741
791	859
791	919
792	316
792	942
792	951
792	959
792	969
792	974
792	976
792	979
792	981
792	989
792	993
793	321
793	465
793	726
793	906
793	909
793	928
793	950
793	955
793	971
793	984
793	996
794	89
794	802
794	916
794	942
794	951
794	969
794	974
794	979
794	981
794	989
794	993
795	10
795	184
795	287
795	295
795	387
795	624
795	638
795	684
795	695
795	817
795	956
796	223
796	427
796	587
796	782
796	833
796	858
796	880
796	915
796	921
796	924
796	993
797	34
797	511
797	799
797	849
797	932
797	938
797	958
797	973
797	985
797	992
797	998
798	526
798	560
798	840
798	887
798	894
798	934
798	968
798	975
798	988
798	990
798	999
799	656
799	749
799	797
799	866
799	898
799	958
799	966
799	973
799	985
799	992
799	998
800	186
800	396
800	614
800	639
800	782
800	783
800	820
800	953
800	955
800	959
800	982
801	681
801	725
801	872
801	927
801	931
801	942
801	951
801	974
801	979
801	981
801	993
802	446
802	458
802	551
802	720
802	794
802	848
802	950
802	972
802	977
802	980
802	997
803	3
803	28
803	52
803	203
803	553
803	559
803	637
803	957
803	977
803	986
803	997
804	103
804	352
804	655
804	700
804	760
804	805
804	856
804	863
804	882
804	883
804	914
805	102
805	352
805	485
805	532
805	563
805	668
805	804
805	862
805	882
805	914
805	994
806	716
806	790
806	848
806	874
806	878
806	902
806	957
806	972
806	980
806	985
806	997
807	456
807	476
807	496
807	610
807	733
807	753
807	851
807	857
807	922
807	952
807	971
808	559
808	633
808	742
808	748
808	768
808	827
808	831
808	873
808	881
808	886
808	966
809	396
809	504
809	716
809	824
809	828
809	847
809	870
809	872
809	875
809	883
809	920
810	239
810	458
810	555
810	648
810	834
810	842
810	885
810	906
810	955
810	971
810	984
810	996
811	726
811	821
811	837
811	910
811	913
811	921
811	931
811	987
811	988
811	990
811	991
811	999
812	423
812	582
812	867
812	888
812	941
812	948
812	949
812	956
812	967
812	978
812	983
812	995
813	475
813	868
813	894
813	904
813	946
813	964
813	968
813	975
813	987
813	988
813	990
813	999
814	129
814	397
814	408
814	732
814	902
814	903
814	944
814	962
814	972
814	977
814	980
814	997
815	505
815	884
815	927
815	942
815	949
815	951
815	969
815	974
815	979
815	981
815	989
815	993
816	631
816	884
816	916
816	942
816	951
816	964
816	969
816	974
816	979
816	981
816	989
816	993
817	22
817	441
817	453
817	507
817	795
817	867
817	890
817	895
817	936
817	945
817	991
817	994
818	579
818	581
818	587
818	669
818	689
818	735
818	768
818	833
818	858
818	872
818	927
818	933
819	431
819	501
819	622
819	710
819	731
819	836
819	841
819	850
819	853
819	911
819	923
819	975
820	2
820	211
820	642
820	721
820	800
820	828
820	883
820	896
820	901
820	958
820	959
820	982
821	81
821	490
821	780
821	811
821	861
821	926
821	940
821	964
821	968
821	987
821	990
821	999
822	335
822	521
822	569
822	699
822	761
822	845
822	871
822	889
822	928
822	947
822	954
822	986
822	1000
823	46
823	59
823	142
823	648
823	746
823	781
823	834
823	885
823	955
823	967
823	971
823	984
823	996
824	40
824	343
824	603
824	751
824	809
824	863
824	870
824	901
824	927
824	935
824	953
824	959
824	982
825	277
825	523
825	564
825	600
825	658
825	727
825	835
825	935
825	956
825	963
825	965
825	983
825	995
826	318
826	512
826	734
826	759
826	786
826	850
826	895
826	918
826	936
826	943
826	956
826	991
826	994
827	114
827	319
827	351
827	533
827	633
827	742
827	768
827	808
827	831
827	881
827	886
827	965
827	996
828	153
828	155
828	404
828	618
828	682
828	809
828	820
828	847
828	893
828	920
828	946
828	959
828	982
829	274
829	297
829	552
829	644
829	704
829	752
829	860
829	871
829	911
829	923
829	929
829	970
829	975
830	113
830	141
830	206
830	323
830	593
830	637
830	760
830	776
830	957
830	959
830	977
830	980
830	997
831	98
831	135
831	334
831	533
831	540
831	742
831	748
831	768
831	808
831	827
831	881
831	886
831	999
832	264
832	378
832	586
832	635
832	745
832	775
832	856
832	871
832	873
832	947
832	976
832	986
832	1000
833	355
833	461
833	557
833	615
833	708
833	784
833	796
833	818
833	858
833	897
833	924
833	933
833	998
834	78
834	380
834	671
834	726
834	745
834	778
834	781
834	810
834	823
834	932
834	955
834	971
834	996
835	534
835	728
835	825
835	911
835	912
835	935
835	941
835	948
835	963
835	965
835	976
835	983
835	995
836	644
836	731
836	751
836	777
836	788
836	819
836	840
836	843
836	860
836	923
836	929
836	948
836	975
836	996
837	483
837	811
837	846
837	855
837	887
837	931
837	946
837	964
837	968
837	980
837	988
837	990
837	991
837	999
838	282
838	763
838	787
838	908
838	930
838	939
838	941
838	956
838	963
838	965
838	967
838	978
838	980
838	995
839	335
839	718
839	762
839	877
839	913
839	926
839	934
839	946
839	964
839	968
839	987
839	988
839	990
839	999
840	462
840	531
840	632
840	654
840	752
840	788
840	798
840	836
840	911
840	923
840	929
840	950
840	970
840	975
841	819
841	884
841	909
841	916
841	927
841	942
841	951
841	969
841	972
841	974
841	979
841	981
841	989
841	993
842	754
842	810
842	876
842	898
842	924
842	938
842	940
842	958
842	966
842	973
842	974
842	985
842	992
842	998
843	316
843	324
843	384
843	462
843	710
843	747
843	777
843	836
843	860
843	923
843	948
843	970
843	975
843	976
844	417
844	888
844	930
844	935
844	948
844	949
844	956
844	963
844	965
844	967
844	978
844	983
844	993
844	995
845	309
845	311
845	386
845	740
845	822
845	914
845	939
845	944
845	947
845	954
845	966
845	976
845	986
845	1000
846	750
846	837
846	868
846	882
846	887
846	904
846	910
846	913
846	931
846	934
846	978
846	988
846	990
846	995
846	999
847	682
847	685
847	809
847	828
847	883
847	893
847	896
847	901
847	920
847	927
847	941
847	953
847	959
847	982
847	999
848	446
848	716
848	744
848	770
848	776
848	802
848	806
848	853
848	902
848	934
848	950
848	973
848	977
848	980
848	997
849	754
849	797
849	866
849	907
849	924
849	925
849	932
849	937
849	938
849	966
849	974
849	985
849	992
849	998
849	1000
850	431
850	568
850	641
850	710
850	747
850	788
850	819
850	826
850	864
850	911
850	923
850	929
850	970
850	975
850	996
851	127
851	336
851	543
851	601
851	610
851	729
851	733
851	753
851	807
851	880
851	915
851	922
851	925
851	952
851	959
852	486
852	544
852	612
852	643
852	705
852	711
852	759
852	786
852	890
852	891
852	936
852	943
852	965
852	991
852	994
853	325
853	510
853	583
853	747
853	774
853	819
853	848
853	902
853	903
853	950
853	957
853	972
853	977
853	980
853	997
854	125
854	855
854	861
854	864
854	865
854	899
854	900
854	905
854	917
854	960
854	961
854	962
854	971
854	979
855	508
855	837
855	854
855	861
855	864
855	865
855	899
855	900
855	905
855	917
855	960
855	961
855	962
855	967
856	586
856	730
856	765
856	773
856	804
856	832
856	871
856	889
856	939
856	944
856	947
856	954
856	955
856	976
856	1000
857	213
857	241
857	322
857	376
857	496
857	653
857	733
857	807
857	880
857	914
857	915
857	922
857	943
857	950
857	952
858	115
858	557
858	587
858	669
858	734
858	735
858	770
858	796
858	818
858	833
858	872
858	897
858	921
858	933
858	990
859	201
859	348
859	370
859	452
859	503
859	545
859	697
859	707
859	709
859	741
859	764
859	791
859	908
859	919
859	938
860	564
860	632
860	641
860	654
860	752
860	784
860	788
860	829
860	836
860	843
860	911
860	929
860	970
860	975
860	989
861	374
861	756
861	821
861	854
861	855
861	864
861	865
861	899
861	900
861	905
861	917
861	960
861	961
861	962
861	971
862	53
862	157
862	361
862	481
862	532
862	563
862	598
862	655
862	668
862	700
862	702
862	805
862	863
862	882
862	887
862	914
863	40
863	65
863	163
863	563
863	598
863	631
863	655
863	668
863	702
863	804
863	824
863	862
863	882
863	914
863	947
863	977
864	664
864	745
864	850
864	854
864	855
864	861
864	865
864	899
864	900
864	905
864	917
864	960
864	961
864	962
864	967
865	854
865	855
865	861
865	864
865	899
865	900
865	905
865	917
865	960
865	961
865	962
865	980
865	982
865	997
866	29
866	484
866	673
866	799
866	849
866	876
866	907
866	932
866	937
866	940
866	958
866	966
866	973
866	985
866	992
866	998
867	298
867	313
867	364
867	386
867	786
867	812
867	817
867	887
867	890
867	895
867	936
867	943
867	945
867	991
867	994
867	997
868	242
868	257
868	412
868	787
868	813
868	846
868	888
868	891
868	913
868	931
868	934
868	946
868	954
868	964
868	987
868	990
868	999
869	449
869	594
869	668
869	678
869	767
869	772
869	775
869	873
869	892
869	918
869	939
869	944
869	954
869	986
869	990
869	997
869	1000
870	404
870	582
870	603
870	660
870	751
870	809
870	824
870	883
870	893
870	896
870	901
870	949
870	953
870	959
870	968
870	982
870	986
871	194
871	476
871	772
871	773
871	822
871	829
871	832
871	856
871	889
871	944
871	947
871	954
871	976
871	986
871	988
871	992
871	1000
872	115
872	143
872	223
872	473
872	491
872	518
872	533
872	676
872	749
872	784
872	801
872	809
872	818
872	858
872	897
872	921
872	933
873	176
873	340
873	567
873	761
873	773
873	808
873	832
873	869
873	892
873	894
873	918
873	951
873	953
873	954
873	976
873	986
873	1000
874	84
874	166
874	553
874	583
874	744
874	760
874	774
874	806
874	902
874	950
874	952
874	957
874	968
874	969
874	977
874	980
874	997
875	136
875	210
875	346
875	372
875	537
875	705
875	722
875	734
875	759
875	762
875	809
875	890
875	895
875	936
875	943
875	991
875	994
876	100
876	579
876	593
876	842
876	866
876	898
876	907
876	925
876	932
876	934
876	937
876	940
876	958
876	966
876	985
876	992
876	998
877	263
877	666
877	839
877	891
877	894
877	910
877	926
877	931
877	934
877	946
877	964
877	968
877	982
877	987
877	988
877	990
877	999
878	13
878	276
878	566
878	716
878	723
878	760
878	806
878	913
878	950
878	957
878	972
878	977
878	978
878	980
878	983
878	987
878	997
879	217
879	557
879	887
879	903
879	904
879	913
879	926
879	931
879	934
879	946
879	964
879	968
879	984
879	987
879	988
879	990
879	999
880	58
880	127
880	179
880	241
880	584
880	610
880	706
880	729
880	733
880	753
880	796
880	851
880	857
880	915
880	922
880	952
880	954
881	79
881	114
881	126
881	319
881	351
881	494
881	540
881	633
881	742
881	748
881	755
881	768
881	808
881	827
881	831
881	886
881	968
882	53
882	103
882	119
882	481
882	563
882	655
882	661
882	668
882	702
882	804
882	805
882	846
882	862
882	863
882	914
882	920
882	996
883	359
883	372
883	549
883	605
883	682
883	721
883	804
883	809
883	820
883	847
883	870
883	893
883	920
883	953
883	959
883	982
883	993
884	115
884	271
884	338
884	815
884	816
884	841
884	909
884	916
884	927
884	942
884	951
884	969
884	974
884	979
884	981
884	989
884	991
884	993
885	234
885	270
885	414
885	444
885	510
885	616
885	672
885	723
885	778
885	810
885	823
885	904
885	906
885	928
885	931
885	955
885	959
885	996
886	78
886	79
886	88
886	114
886	126
886	165
886	351
886	533
886	633
886	742
886	748
886	768
886	808
886	827
886	831
886	881
886	928
886	998
887	483
887	677
887	698
887	798
887	837
887	846
887	862
887	867
887	879
887	904
887	926
887	934
887	964
887	977
887	987
887	988
887	990
887	999
888	354
888	426
888	718
888	812
888	844
888	868
888	908
888	912
888	930
888	935
888	941
888	948
888	956
888	963
888	965
888	967
888	978
888	995
889	269
889	280
889	302
889	438
889	527
889	719
889	766
889	775
889	822
889	856
889	871
889	918
889	939
889	944
889	953
889	976
889	986
889	1000
890	411
890	442
890	652
890	734
890	759
890	817
890	852
890	867
890	875
890	895
890	907
890	936
890	943
890	945
890	956
890	973
890	991
890	994
891	52
891	852
891	868
891	877
891	894
891	913
891	926
891	931
891	934
891	946
891	964
891	968
891	987
891	988
891	990
891	997
891	999
891	1000
892	124
892	457
892	527
892	558
892	594
892	602
892	635
892	656
892	869
892	873
892	906
892	918
892	939
892	947
892	954
892	981
892	986
892	1000
893	221
893	343
893	373
893	514
893	540
893	719
893	721
893	759
893	828
893	847
893	870
893	883
893	896
893	901
893	920
893	953
893	955
893	959
893	982
894	339
894	517
894	651
894	671
894	677
894	798
894	813
894	873
894	877
894	891
894	926
894	946
894	964
894	968
894	987
894	988
894	990
894	995
894	999
895	37
895	182
895	205
895	288
895	453
895	696
895	817
895	826
895	867
895	875
895	890
895	936
895	937
895	943
895	945
895	961
895	991
895	994
895	995
896	514
896	549
896	614
896	682
896	719
896	737
896	820
896	847
896	870
896	893
896	901
896	920
896	947
896	953
896	957
896	959
896	975
896	982
896	984
897	19
897	148
897	200
897	427
897	536
897	541
897	676
897	749
897	772
897	782
897	784
897	833
897	858
897	872
897	901
897	921
897	924
897	933
897	943
898	623
898	632
898	674
898	691
898	758
898	799
898	842
898	876
898	921
898	925
898	932
898	938
898	940
898	951
898	958
898	966
898	973
898	985
898	992
898	998
899	579
899	634
899	679
899	756
899	854
899	855
899	861
899	864
899	865
899	900
899	905
899	917
899	946
899	960
899	961
899	962
899	963
899	1000
900	585
900	679
900	756
900	763
900	854
900	855
900	861
900	864
900	865
900	899
900	905
900	912
900	917
900	960
900	961
900	962
900	999
901	159
901	450
901	613
901	639
901	658
901	680
901	820
901	824
901	847
901	870
901	893
901	896
901	897
901	920
901	936
901	953
901	958
901	959
901	973
901	982
902	220
902	559
902	720
902	723
902	776
902	806
902	814
902	848
902	853
902	874
902	903
902	945
902	950
902	957
902	972
902	977
902	980
902	985
902	992
902	997
903	141
903	523
903	537
903	547
903	627
903	637
903	661
903	739
903	774
903	814
903	853
903	879
903	902
903	950
903	957
903	972
903	980
903	988
903	989
903	997
904	55
904	58
904	724
904	750
904	783
904	813
904	846
904	879
904	885
904	887
904	910
904	926
904	931
904	940
904	946
904	964
904	968
904	987
904	988
904	990
904	999
905	1
905	440
905	542
905	591
905	634
905	679
905	756
905	854
905	855
905	861
905	864
905	865
905	899
905	900
905	917
905	960
905	961
905	962
905	979
905	990
905	1000
906	23
906	68
906	202
906	392
906	407
906	467
906	478
906	493
906	745
906	747
906	781
906	793
906	810
906	885
906	892
906	910
906	928
906	930
906	955
906	984
906	996
907	569
907	596
907	662
907	742
907	849
907	866
907	876
907	890
907	925
907	932
907	937
907	938
907	940
907	950
907	958
907	966
907	973
907	985
907	990
907	992
907	998
908	150
908	343
908	389
908	562
908	642
908	694
908	696
908	718
908	783
908	838
908	859
908	888
908	930
908	941
908	948
908	949
908	956
908	963
908	967
908	983
908	995
909	55
909	348
909	577
909	650
909	678
909	690
909	725
909	793
909	841
909	884
909	911
909	916
909	927
909	942
909	951
909	967
909	969
909	974
909	979
909	981
909	989
909	993
910	199
910	305
910	496
910	617
910	636
910	677
910	724
910	738
910	762
910	811
910	846
910	877
910	904
910	906
910	934
910	946
910	968
910	984
910	987
910	988
910	990
910	999
911	123
911	369
911	378
911	384
911	597
911	622
911	747
911	788
911	819
911	829
911	835
911	840
911	850
911	860
911	909
911	923
911	929
911	952
911	960
911	970
911	975
911	994
912	157
912	169
912	445
912	646
912	694
912	779
912	785
912	787
912	835
912	888
912	900
912	930
912	943
912	948
912	949
912	956
912	963
912	967
912	978
912	983
912	995
912	996
913	366
913	666
913	692
913	738
913	780
913	811
913	839
913	846
913	868
913	878
913	879
913	891
913	926
913	931
913	934
913	946
913	964
913	968
913	987
913	988
913	990
913	999
914	9
914	53
914	75
914	119
914	326
914	481
914	485
914	532
914	563
914	598
914	631
914	668
914	700
914	702
914	804
914	805
914	845
914	857
914	862
914	863
914	882
914	983
915	71
915	89
915	97
915	228
915	322
915	332
915	356
915	376
915	459
915	496
915	610
915	653
915	729
915	753
915	796
915	851
915	857
915	880
915	922
915	949
915	952
915	993
916	420
916	580
916	650
916	683
916	770
916	794
916	816
916	841
916	884
916	909
916	927
916	942
916	951
916	969
916	974
916	976
916	979
916	981
916	989
916	991
916	993
916	999
917	206
917	307
917	382
917	455
917	581
917	634
917	679
917	742
917	752
917	756
917	854
917	855
917	861
917	864
917	865
917	899
917	900
917	905
917	960
917	961
917	962
918	92
918	262
918	406
918	594
918	656
918	670
918	675
918	740
918	773
918	826
918	869
918	873
918	889
918	892
918	939
918	944
918	954
918	957
918	976
918	986
918	988
918	997
918	1000
919	26
919	96
919	201
919	267
919	308
919	347
919	367
919	370
919	452
919	503
919	536
919	545
919	697
919	707
919	715
919	741
919	764
919	771
919	776
919	791
919	859
919	981
919	982
920	153
920	218
920	256
920	394
920	429
920	453
920	514
920	618
920	629
920	660
920	737
920	809
920	828
920	847
920	882
920	883
920	893
920	896
920	901
920	953
920	959
920	982
920	987
921	86
921	236
921	245
921	275
921	322
921	473
921	557
921	581
921	664
921	667
921	708
921	735
921	782
921	784
921	796
921	811
921	858
921	872
921	897
921	898
921	924
921	933
921	951
921	999
922	14
922	45
922	71
922	97
922	98
922	124
922	336
922	376
922	456
922	584
922	601
922	642
922	653
922	689
922	705
922	729
922	733
922	753
922	807
922	851
922	857
922	880
922	915
922	952
923	290
923	462
923	654
923	673
923	702
923	704
923	731
923	747
923	752
923	788
923	819
923	829
923	836
923	840
923	843
923	850
923	911
923	929
923	935
923	943
923	970
923	975
923	980
923	983
924	86
924	143
924	236
924	245
924	247
924	301
924	399
924	427
924	518
924	541
924	557
924	579
924	667
924	669
924	749
924	784
924	796
924	833
924	842
924	849
924	897
924	921
924	933
924	969
924	984
925	125
925	188
925	543
925	550
925	569
925	591
925	757
925	758
925	849
925	851
925	876
925	898
925	907
925	937
925	938
925	940
925	953
925	954
925	958
925	966
925	967
925	973
925	985
925	991
925	992
925	998
926	346
926	470
926	472
926	504
926	590
926	636
926	722
926	733
926	781
926	821
926	839
926	877
926	879
926	887
926	891
926	894
926	904
926	913
926	931
926	934
926	946
926	964
926	968
926	987
926	988
926	990
926	999
927	90
927	383
927	454
927	487
927	678
927	693
927	743
927	766
927	770
927	801
927	815
927	818
927	824
927	841
927	847
927	884
927	909
927	916
927	942
927	951
927	964
927	969
927	974
927	979
927	981
927	989
927	993
928	44
928	183
928	189
928	252
928	435
928	443
928	546
928	556
928	561
928	628
928	648
928	663
928	745
928	746
928	780
928	793
928	822
928	885
928	886
928	906
928	941
928	955
928	965
928	971
928	984
928	994
928	996
929	101
929	230
929	239
929	316
929	369
929	501
929	519
929	600
929	622
929	644
929	654
929	673
929	704
929	712
929	729
929	731
929	752
929	777
929	829
929	836
929	840
929	850
929	860
929	911
929	923
929	970
929	975
929	990
930	196
930	208
930	580
930	687
930	741
930	775
930	785
930	790
930	838
930	844
930	888
930	906
930	908
930	912
930	935
930	941
930	948
930	949
930	956
930	963
930	965
930	967
930	978
930	981
930	983
930	985
930	992
930	995
931	354
931	472
931	561
931	617
931	636
931	651
931	677
931	801
931	811
931	837
931	846
931	868
931	877
931	879
931	885
931	891
931	904
931	913
931	926
931	934
931	936
931	956
931	964
931	968
931	987
931	988
931	990
931	999
932	85
932	160
932	368
932	413
932	469
932	470
932	509
932	547
932	569
932	623
932	665
932	688
932	713
932	797
932	834
932	849
932	866
932	876
932	898
932	907
932	937
932	938
932	940
932	958
932	966
932	973
932	985
932	992
932	998
933	19
933	190
933	301
933	371
933	377
933	390
933	406
933	518
933	551
933	557
933	587
933	615
933	664
933	667
933	676
933	689
933	708
933	749
933	782
933	818
933	833
933	858
933	872
933	897
933	921
933	924
933	937
933	946
933	996
934	139
934	311
934	323
934	483
934	619
934	651
934	763
934	798
934	839
934	846
934	848
934	868
934	876
934	877
934	879
934	887
934	891
934	910
934	913
934	926
934	931
934	937
934	946
934	949
934	964
934	968
934	987
934	988
934	990
934	999
935	285
935	380
935	388
935	556
935	572
935	607
935	646
935	718
935	779
935	785
935	787
935	788
935	824
935	825
935	835
935	844
935	888
935	923
935	930
935	941
935	948
935	949
935	963
935	965
935	967
935	974
935	978
935	983
935	986
935	995
936	33
936	182
936	273
936	288
936	428
936	463
936	486
936	507
936	555
936	603
936	643
936	652
936	696
936	711
936	712
936	717
936	736
936	778
936	817
936	826
936	852
936	867
936	875
936	890
936	895
936	901
936	931
936	943
936	991
936	994
937	3
937	27
937	139
937	255
937	330
937	334
937	488
937	538
937	577
937	608
937	629
937	757
937	758
937	849
937	866
937	876
937	895
937	907
937	925
937	932
937	933
937	934
937	938
937	958
937	966
937	973
937	985
937	992
937	998
937	999
938	48
938	67
938	181
938	203
938	375
938	538
938	608
938	629
938	662
938	754
938	797
938	842
938	849
938	859
938	898
938	907
938	925
938	932
938	937
938	940
938	952
938	958
938	966
938	973
938	979
938	985
938	986
938	989
938	992
938	998
939	195
939	309
939	365
939	373
939	449
939	460
939	574
939	594
939	609
939	670
939	675
939	753
939	761
939	765
939	767
939	775
939	838
939	845
939	856
939	869
939	889
939	892
939	918
939	944
939	947
939	976
939	986
939	995
939	999
939	1000
940	196
940	253
940	491
940	539
940	596
940	606
940	649
940	650
940	665
940	674
940	706
940	713
940	757
940	758
940	821
940	842
940	866
940	876
940	898
940	904
940	907
940	925
940	932
940	938
940	958
940	966
940	973
940	985
940	992
940	998
940	999
941	414
941	418
941	492
941	578
941	592
941	599
941	642
941	645
941	785
941	790
941	812
941	835
941	838
941	847
941	888
941	908
941	928
941	930
941	935
941	948
941	949
941	952
941	956
941	963
941	965
941	967
941	970
941	978
941	983
941	995
941	999
942	42
942	454
942	468
942	677
942	678
942	689
942	690
942	693
942	714
942	739
942	765
942	792
942	794
942	801
942	815
942	816
942	841
942	884
942	909
942	916
942	927
942	951
942	969
942	974
942	979
942	981
942	989
942	993
942	996
942	999
942	1000
943	22
943	44
943	74
943	251
943	328
943	342
943	428
943	511
943	525
943	612
943	622
943	652
943	705
943	711
943	722
943	734
943	736
943	759
943	826
943	852
943	857
943	867
943	875
943	890
943	895
943	897
943	912
943	923
943	936
943	945
943	991
943	994
944	51
944	57
944	150
944	159
944	273
944	303
944	335
944	574
944	602
944	611
944	656
944	675
944	761
944	767
944	772
944	773
944	814
944	845
944	856
944	869
944	871
944	889
944	918
944	939
944	947
944	954
944	963
944	965
944	976
944	981
944	986
944	1000
945	17
945	118
945	237
945	268
945	286
945	342
945	413
945	463
945	512
945	525
945	612
945	696
945	705
945	710
945	711
945	712
945	717
945	722
945	734
945	736
945	759
945	786
945	817
945	867
945	890
945	895
945	902
945	943
945	949
945	977
945	991
945	994
946	21
946	56
946	215
946	349
946	415
946	447
946	466
946	619
946	675
946	763
946	780
946	813
946	828
946	837
946	839
946	868
946	877
946	879
946	891
946	894
946	899
946	904
946	910
946	913
946	926
946	933
946	934
946	956
946	968
946	987
946	988
946	989
946	990
946	999
947	92
947	178
947	254
947	265
947	300
947	558
947	602
947	611
947	647
947	656
947	675
947	699
947	740
947	767
947	772
947	773
947	822
947	832
947	845
947	856
947	863
947	871
947	892
947	896
947	939
947	944
947	954
947	959
947	976
947	982
947	986
947	990
947	996
947	1000
948	4
948	109
948	149
948	207
948	266
948	393
948	410
948	433
948	473
948	572
948	604
948	645
948	681
948	718
948	779
948	787
948	790
948	812
948	835
948	836
948	843
948	844
948	888
948	908
948	912
948	930
948	935
948	941
948	949
948	956
948	963
948	967
948	978
948	983
948	995
949	31
949	76
949	171
949	459
949	497
949	506
949	599
949	604
949	607
949	681
949	687
949	699
949	779
949	785
949	812
949	815
949	844
949	870
949	908
949	912
949	915
949	930
949	934
949	935
949	941
949	945
949	948
949	956
949	963
949	965
949	967
949	978
949	982
949	983
949	995
950	6
950	12
950	13
950	39
950	103
950	281
950	296
950	530
950	531
950	537
950	544
950	548
950	553
950	640
950	720
950	730
950	732
950	760
950	793
950	802
950	840
950	848
950	853
950	857
950	874
950	878
950	902
950	903
950	907
950	957
950	958
950	972
950	977
950	980
950	997
950	998
951	24
951	390
951	508
951	620
951	623
951	650
951	660
951	690
951	714
951	739
951	743
951	766
951	770
951	792
951	794
951	801
951	815
951	816
951	841
951	873
951	884
951	898
951	909
951	916
951	921
951	927
951	942
951	962
951	969
951	974
951	979
951	981
951	989
951	991
951	993
951	1000
952	58
952	60
952	71
952	89
952	97
952	98
952	100
952	124
952	179
952	213
952	228
952	241
952	322
952	332
952	336
952	356
952	376
952	456
952	496
952	565
952	584
952	601
952	653
952	729
952	733
952	753
952	807
952	851
952	857
952	874
952	880
952	911
952	915
952	922
952	938
952	941
953	104
953	199
953	256
953	394
953	434
953	504
953	538
953	582
953	605
953	613
953	614
953	618
953	660
953	680
953	682
953	685
953	721
953	737
953	751
953	800
953	824
953	847
953	870
953	873
953	883
953	889
953	893
953	896
953	901
953	920
953	925
953	959
953	963
953	972
953	980
953	982
953	991
954	300
954	314
954	340
954	357
954	405
954	438
954	497
954	567
954	574
954	590
954	635
954	647
954	670
954	675
954	709
954	740
954	761
954	765
954	772
954	822
954	845
954	856
954	868
954	869
954	871
954	873
954	880
954	892
954	918
954	925
954	944
954	947
954	973
954	976
954	986
954	999
954	1000
955	45
955	91
955	156
955	197
955	315
955	321
955	327
955	399
955	467
955	479
955	493
955	561
955	588
955	625
955	663
955	671
955	672
955	686
955	727
955	755
955	781
955	789
955	793
955	800
955	810
955	823
955	834
955	856
955	885
955	893
955	906
955	928
955	963
955	967
955	971
955	984
955	996
955	998
956	36
956	310
956	337
956	393
956	433
956	445
956	495
956	497
956	506
956	572
956	600
956	604
956	787
956	790
956	795
956	812
956	825
956	826
956	838
956	844
956	888
956	890
956	908
956	912
956	930
956	931
956	941
956	946
956	948
956	949
956	961
956	963
956	965
956	967
956	978
956	983
956	984
956	995
957	28
957	35
957	122
957	141
957	158
957	209
957	296
957	333
957	515
957	519
957	524
957	530
957	544
957	547
957	548
957	640
957	703
957	720
957	732
957	766
957	774
957	776
957	783
957	803
957	806
957	830
957	853
957	874
957	878
957	896
957	902
957	903
957	918
957	950
957	972
957	977
957	980
957	997
958	403
958	469
958	475
958	532
958	539
958	550
958	596
958	629
958	662
958	665
958	691
958	706
958	713
958	754
958	758
958	776
958	797
958	799
958	820
958	842
958	866
958	876
958	898
958	901
958	907
958	925
958	932
958	937
958	938
958	940
958	950
958	971
958	973
958	977
958	981
958	985
958	992
958	998
959	17
959	85
959	86
959	104
959	149
959	220
959	394
959	396
959	434
959	514
959	603
959	605
959	613
959	618
959	628
959	639
959	660
959	682
959	719
959	737
959	792
959	800
959	820
959	824
959	828
959	830
959	847
959	851
959	870
959	883
959	885
959	893
959	896
959	901
959	920
959	947
959	953
959	978
959	982
960	4
960	30
960	38
960	60
960	81
960	99
960	140
960	170
960	244
960	246
960	269
960	299
960	307
960	339
960	417
960	422
960	440
960	455
960	518
960	542
960	552
960	591
960	634
960	679
960	756
960	854
960	855
960	861
960	864
960	865
960	899
960	900
960	905
960	911
960	917
960	961
960	962
960	986
960	998
961	38
961	99
961	123
961	292
961	299
961	307
961	339
961	417
961	422
961	440
961	455
961	542
961	591
961	634
961	679
961	743
961	756
961	854
961	855
961	861
961	864
961	865
961	895
961	899
961	900
961	905
961	917
961	956
961	960
961	962
961	973
961	993
961	998
962	2
962	4
962	30
962	38
962	60
962	81
962	99
962	170
962	244
962	246
962	299
962	307
962	339
962	417
962	422
962	440
962	455
962	542
962	591
962	634
962	679
962	756
962	789
962	814
962	854
962	855
962	861
962	864
962	865
962	899
962	900
962	905
962	917
962	951
962	960
962	961
962	966
962	974
962	992
962	998
963	144
963	261
963	326
963	332
963	495
963	562
963	564
963	572
963	580
963	581
963	625
963	646
963	681
963	694
963	779
963	785
963	790
963	825
963	835
963	838
963	844
963	888
963	899
963	908
963	912
963	930
963	935
963	941
963	944
963	948
963	949
963	953
963	955
963	956
963	965
963	967
963	978
963	982
963	983
963	995
964	79
964	229
964	259
964	293
964	305
964	443
964	467
964	472
964	526
964	566
964	609
964	617
964	630
964	640
964	677
964	762
964	763
964	813
964	816
964	821
964	837
964	839
964	868
964	877
964	879
964	887
964	891
964	894
964	904
964	913
964	926
964	927
964	931
964	934
964	968
964	977
964	987
964	988
964	990
964	994
964	999
965	25
965	47
965	80
965	150
965	163
965	180
965	185
965	196
965	223
965	277
965	337
965	393
965	445
965	492
965	549
965	580
965	592
965	604
965	607
965	645
965	687
965	825
965	827
965	835
965	838
965	844
965	852
965	888
965	928
965	930
965	935
965	941
965	944
965	949
965	956
965	963
965	967
965	978
965	983
965	989
965	995
966	67
966	292
966	334
966	358
966	398
966	409
966	413
966	424
966	450
966	470
966	505
966	552
966	629
966	649
966	662
966	674
966	688
966	691
966	754
966	757
966	788
966	799
966	808
966	842
966	845
966	849
966	866
966	876
966	898
966	907
966	925
966	932
966	937
966	938
966	940
966	962
966	973
966	979
966	985
966	987
966	992
966	998
967	25
967	192
967	208
967	261
967	282
967	368
967	377
967	410
967	497
967	514
967	562
967	578
967	607
967	620
967	642
967	681
967	687
967	694
967	787
967	812
967	823
967	838
967	844
967	855
967	864
967	888
967	908
967	909
967	912
967	925
967	930
967	935
967	941
967	948
967	949
967	955
967	956
967	963
967	965
967	978
967	983
967	995
968	21
968	69
968	151
968	258
968	526
968	535
968	560
968	583
968	590
968	606
968	617
968	724
968	762
968	763
968	780
968	798
968	813
968	821
968	837
968	839
968	870
968	874
968	877
968	879
968	881
968	891
968	894
968	904
968	910
968	913
968	926
968	931
968	934
968	946
968	964
968	987
968	988
968	989
968	990
968	994
968	998
968	999
969	18
969	117
969	181
969	250
969	305
969	338
969	341
969	446
969	487
969	494
969	515
969	528
969	601
969	620
969	623
969	650
969	683
969	688
969	690
969	714
969	725
969	739
969	743
969	766
969	792
969	794
969	815
969	816
969	841
969	874
969	884
969	909
969	916
969	924
969	927
969	942
969	951
969	974
969	979
969	981
969	984
969	989
969	990
969	993
970	101
970	138
970	198
970	216
970	218
970	290
970	297
970	320
970	369
970	378
970	395
970	431
970	462
970	501
970	530
970	568
970	597
970	622
970	632
970	641
970	644
970	669
970	673
970	676
970	704
970	731
970	747
970	752
970	777
970	788
970	829
970	840
970	843
970	850
970	860
970	911
970	923
970	929
970	941
970	971
970	974
970	975
970	997
970	998
971	7
971	83
971	140
971	202
971	212
971	327
971	432
971	443
971	444
971	457
971	546
971	554
971	556
971	561
971	588
971	616
971	625
971	649
971	663
971	671
971	672
971	686
971	727
971	736
971	744
971	746
971	755
971	778
971	781
971	789
971	793
971	807
971	810
971	823
971	834
971	854
971	861
971	928
971	955
971	958
971	970
971	984
971	996
971	998
972	7
972	39
972	68
972	164
972	219
972	296
972	317
972	397
972	408
972	437
972	463
972	583
972	593
972	595
972	627
972	637
972	639
972	643
972	661
972	665
972	720
972	723
972	730
972	732
972	744
972	760
972	773
972	774
972	776
972	783
972	802
972	806
972	814
972	841
972	853
972	878
972	902
972	903
972	950
972	953
972	957
972	977
972	980
972	984
972	993
972	997
973	35
973	111
973	133
973	160
973	173
973	283
973	285
973	330
973	375
973	381
973	403
973	424
973	552
973	608
973	665
973	674
973	688
973	706
973	710
973	713
973	754
973	757
973	758
973	797
973	799
973	842
973	848
973	866
973	890
973	898
973	901
973	907
973	925
973	932
973	937
973	938
973	940
973	954
973	958
973	961
973	966
973	980
973	984
973	985
973	992
973	998
974	43
974	214
974	240
974	246
974	291
974	293
974	390
974	400
974	416
974	420
974	429
974	454
974	487
974	489
974	508
974	529
974	620
974	678
974	693
974	714
974	725
974	738
974	739
974	756
974	766
974	770
974	792
974	794
974	801
974	815
974	816
974	841
974	842
974	849
974	884
974	909
974	916
974	927
974	935
974	942
974	951
974	962
974	969
974	970
974	979
974	981
974	989
974	993
975	51
975	101
975	121
975	123
975	138
975	216
975	230
975	233
975	297
975	316
975	320
975	324
975	369
975	378
975	395
975	431
975	434
975	501
975	568
975	597
975	630
975	632
975	641
975	644
975	645
975	654
975	667
975	673
975	704
975	710
975	731
975	747
975	752
975	777
975	788
975	798
975	813
975	819
975	829
975	836
975	840
975	843
975	850
975	860
975	896
975	911
975	923
975	929
975	970
975	996
975	997
976	91
976	105
976	167
976	168
976	177
976	233
976	237
976	254
976	280
976	303
976	361
976	365
976	391
976	421
976	449
976	460
976	484
976	527
976	567
976	574
976	586
976	587
976	635
976	647
976	656
976	670
976	687
976	699
976	708
976	740
976	765
976	767
976	768
976	772
976	773
976	792
976	832
976	835
976	843
976	845
976	856
976	871
976	873
976	889
976	916
976	918
976	939
976	944
976	947
976	954
976	980
976	986
976	1000
977	49
977	164
977	209
977	253
977	276
977	281
977	312
977	325
977	367
977	383
977	419
977	471
977	519
977	523
977	524
977	531
977	547
977	551
977	553
977	565
977	593
977	595
977	627
977	720
977	723
977	724
977	730
977	756
977	774
977	776
977	782
977	802
977	803
977	814
977	830
977	848
977	853
977	863
977	874
977	878
977	887
977	902
977	945
977	950
977	957
977	958
977	964
977	972
977	980
977	983
977	991
977	997
977	1000
978	8
978	31
978	36
978	76
978	192
978	266
978	282
978	337
978	349
978	389
978	445
978	459
978	492
978	495
978	497
978	506
978	534
978	578
978	580
978	588
978	592
978	596
978	599
978	600
978	646
978	682
978	687
978	718
978	775
978	777
978	779
978	785
978	790
978	812
978	838
978	844
978	846
978	878
978	888
978	912
978	930
978	935
978	941
978	948
978	949
978	956
978	959
978	963
978	965
978	967
978	983
978	992
978	994
978	995
979	32
979	117
979	120
979	132
979	227
979	250
979	341
979	348
979	356
979	360
979	385
979	416
979	430
979	494
979	502
979	508
979	515
979	528
979	620
979	623
979	678
979	683
979	690
979	693
979	707
979	736
979	739
979	743
979	766
979	770
979	792
979	794
979	801
979	815
979	816
979	841
979	854
979	884
979	905
979	909
979	916
979	927
979	938
979	942
979	951
979	966
979	969
979	974
979	981
979	989
979	992
979	993
979	996
979	1000
980	3
980	6
980	49
980	129
980	296
980	317
980	325
980	367
980	383
980	408
980	436
980	437
980	446
980	471
980	523
980	524
980	537
980	544
980	548
980	553
980	566
980	583
980	595
980	611
980	627
980	716
980	721
980	730
980	732
980	744
980	760
980	776
980	783
980	802
980	806
980	814
980	830
980	837
980	838
980	848
980	853
980	865
980	874
980	878
980	902
980	903
980	923
980	950
980	953
980	957
980	972
980	973
980	976
980	977
980	981
980	987
980	997
980	1000
981	42
981	43
981	64
981	90
981	116
981	210
981	214
981	217
981	227
981	249
981	291
981	360
981	384
981	385
981	400
981	416
981	429
981	468
981	487
981	489
981	494
981	502
981	529
981	623
981	683
981	690
981	693
981	714
981	725
981	732
981	739
981	743
981	766
981	770
981	780
981	792
981	794
981	801
981	815
981	816
981	841
981	884
981	892
981	909
981	916
981	919
981	927
981	930
981	942
981	944
981	951
981	958
981	969
981	974
981	979
981	980
981	989
981	993
981	994
981	995
982	2
982	17
982	85
982	104
982	134
982	149
982	159
982	161
982	186
982	199
982	211
982	220
982	256
982	278
982	373
982	394
982	404
982	434
982	450
982	465
982	504
982	541
982	549
982	582
982	603
982	605
982	613
982	614
982	633
982	639
982	658
982	660
982	680
982	682
982	685
982	715
982	719
982	721
982	737
982	751
982	779
982	800
982	820
982	824
982	828
982	847
982	865
982	870
982	877
982	883
982	893
982	896
982	901
982	919
982	920
982	947
982	949
982	953
982	959
982	963
982	987
983	8
983	31
983	47
983	65
983	144
983	180
983	266
983	301
983	310
983	326
983	368
983	377
983	380
983	388
983	418
983	423
983	433
983	459
983	507
983	534
983	564
983	580
983	592
983	599
983	600
983	604
983	607
983	645
983	646
983	655
983	681
983	687
983	690
983	694
983	718
983	730
983	757
983	787
983	790
983	812
983	825
983	835
983	844
983	878
983	908
983	912
983	914
983	923
983	930
983	935
983	941
983	948
983	949
983	956
983	963
983	965
983	967
983	977
983	978
983	985
983	993
983	995
984	16
984	46
984	83
984	137
984	156
984	225
984	231
984	234
984	315
984	329
984	353
984	362
984	392
984	407
984	414
984	432
984	443
984	444
984	457
984	458
984	467
984	478
984	479
984	493
984	510
984	554
984	556
984	561
984	571
984	588
984	616
984	625
984	648
984	663
984	672
984	686
984	726
984	745
984	746
984	755
984	758
984	778
984	781
984	789
984	793
984	810
984	823
984	879
984	896
984	906
984	910
984	924
984	928
984	955
984	956
984	969
984	971
984	972
984	973
984	986
984	996
984	998
984	1000
985	48
985	64
985	77
985	172
985	274
985	279
985	283
985	292
985	330
985	350
985	358
985	374
985	398
985	424
985	469
985	475
985	488
985	491
985	509
985	516
985	539
985	543
985	550
985	558
985	569
985	577
985	606
985	629
985	649
985	662
985	663
985	665
985	674
985	688
985	691
985	706
985	713
985	757
985	758
985	797
985	799
985	806
985	842
985	849
985	866
985	876
985	898
985	902
985	907
985	925
985	930
985	932
985	937
985	938
985	940
985	958
985	966
985	973
985	983
985	989
985	990
985	992
985	993
985	995
985	998
986	34
986	105
986	147
986	162
986	175
986	176
986	177
986	194
986	195
986	265
986	280
986	302
986	303
986	314
986	329
986	352
986	355
986	361
986	364
986	366
986	391
986	405
986	421
986	426
986	438
986	460
986	476
986	484
986	516
986	558
986	567
986	586
986	611
986	635
986	641
986	647
986	651
986	699
986	740
986	761
986	765
986	767
986	775
986	803
986	822
986	832
986	845
986	869
986	870
986	871
986	873
986	889
986	892
986	918
986	935
986	938
986	939
986	944
986	947
986	954
986	960
986	976
986	984
986	994
986	1000
987	54
987	56
987	66
987	87
987	108
987	109
987	151
987	187
987	243
987	293
987	304
987	323
987	350
987	354
987	359
987	370
987	412
987	448
987	466
987	472
987	490
987	517
987	535
987	560
987	566
987	590
987	609
987	619
987	674
987	703
987	724
987	738
987	750
987	762
987	763
987	771
987	780
987	811
987	813
987	821
987	839
987	868
987	877
987	878
987	879
987	887
987	891
987	894
987	904
987	910
987	913
987	920
987	926
987	931
987	934
987	946
987	964
987	966
987	968
987	980
987	982
987	988
987	990
987	997
987	999
987	1000
988	29
988	54
988	108
988	130
988	132
988	185
988	217
988	229
988	243
988	257
988	264
988	289
988	328
988	349
988	357
988	359
988	412
988	419
988	421
988	447
988	448
988	460
988	490
988	517
988	535
988	590
988	619
988	630
988	637
988	647
988	651
988	677
988	724
988	738
988	750
988	762
988	763
988	780
988	798
988	811
988	813
988	837
988	839
988	846
988	871
988	877
988	879
988	887
988	891
988	894
988	903
988	904
988	910
988	913
988	918
988	926
988	931
988	934
988	946
988	964
988	968
988	987
988	990
988	995
988	996
988	997
988	999
989	1
989	14
989	24
989	32
989	42
989	107
989	116
989	120
989	172
989	181
989	197
989	204
989	224
989	249
989	250
989	262
989	263
989	291
989	348
989	385
989	390
989	416
989	420
989	430
989	468
989	477
989	478
989	489
989	502
989	515
989	527
989	528
989	529
989	542
989	594
989	607
989	610
989	620
989	623
989	650
989	678
989	683
989	693
989	714
989	725
989	743
989	766
989	770
989	792
989	794
989	815
989	816
989	841
989	860
989	884
989	903
989	909
989	916
989	927
989	938
989	942
989	946
989	951
989	965
989	968
989	969
989	974
989	979
989	981
989	985
989	993
990	11
990	15
990	26
990	55
990	63
990	66
990	69
990	109
990	130
990	151
990	175
990	205
990	215
990	229
990	240
990	242
990	289
990	354
990	447
990	448
990	466
990	483
990	548
990	560
990	590
990	598
990	609
990	619
990	630
990	636
990	651
990	661
990	724
990	737
990	738
990	750
990	762
990	763
990	780
990	798
990	811
990	813
990	821
990	837
990	839
990	846
990	858
990	868
990	869
990	877
990	879
990	887
990	891
990	894
990	904
990	905
990	907
990	910
990	913
990	926
990	929
990	931
990	934
990	946
990	947
990	964
990	968
990	969
990	985
990	987
990	988
990	992
990	999
991	27
991	37
991	57
991	113
991	136
991	155
991	191
991	235
991	251
991	268
991	286
991	298
991	313
991	318
991	328
991	342
991	346
991	364
991	372
991	386
991	409
991	411
991	428
991	442
991	453
991	463
991	477
991	483
991	486
991	507
991	511
991	512
991	513
991	525
991	528
991	545
991	555
991	575
991	612
991	627
991	636
991	643
991	652
991	705
991	711
991	712
991	717
991	722
991	734
991	736
991	759
991	786
991	811
991	817
991	826
991	837
991	852
991	867
991	875
991	884
991	890
991	895
991	916
991	925
991	936
991	943
991	945
991	951
991	953
991	977
991	994
991	999
991	1000
992	48
992	61
992	77
992	111
992	125
992	152
992	173
992	221
992	222
992	279
992	283
992	340
992	350
992	358
992	374
992	375
992	381
992	398
992	462
992	469
992	470
992	475
992	488
992	491
992	493
992	505
992	509
992	538
992	543
992	550
992	552
992	562
992	577
992	596
992	606
992	608
992	649
992	674
992	688
992	691
992	706
992	713
992	754
992	757
992	767
992	797
992	799
992	842
992	849
992	866
992	871
992	876
992	898
992	902
992	907
992	925
992	930
992	932
992	937
992	938
992	940
992	958
992	962
992	966
992	973
992	978
992	979
992	985
992	990
992	994
992	997
992	998
992	1000
993	1
993	6
993	14
993	24
993	32
993	64
993	107
993	116
993	117
993	127
993	172
993	197
993	204
993	210
993	224
993	249
993	263
993	278
993	291
993	338
993	341
993	360
993	400
993	429
993	430
993	448
993	454
993	468
993	487
993	489
993	494
993	502
993	508
993	515
993	528
993	529
993	620
993	627
993	628
993	650
993	678
993	679
993	683
993	690
993	693
993	714
993	725
993	739
993	743
993	766
993	770
993	792
993	794
993	796
993	801
993	815
993	816
993	841
993	844
993	883
993	884
993	909
993	915
993	916
993	927
993	942
993	951
993	961
993	969
993	972
993	974
993	979
993	981
993	983
993	985
993	989
994	22
994	27
994	37
994	57
994	113
994	118
994	136
994	155
994	182
994	191
994	235
994	236
994	251
994	268
994	286
994	288
994	298
994	313
994	318
994	328
994	342
994	346
994	364
994	372
994	386
994	402
994	409
994	411
994	428
994	433
994	442
994	453
994	456
994	463
994	464
994	477
994	486
994	507
994	511
994	512
994	513
994	525
994	555
994	575
994	612
994	624
994	643
994	652
994	696
994	704
994	705
994	711
994	712
994	717
994	722
994	734
994	736
994	759
994	786
994	805
994	817
994	826
994	852
994	867
994	875
994	890
994	895
994	911
994	928
994	936
994	943
994	945
994	964
994	968
994	978
994	981
994	986
994	991
994	992
995	8
995	11
995	36
995	47
995	76
995	80
995	90
995	144
995	157
995	163
995	171
995	180
995	192
995	245
995	261
995	277
995	282
995	285
995	310
995	326
995	337
995	347
995	368
995	388
995	389
995	393
995	400
995	410
995	418
995	423
995	436
995	442
995	492
995	495
995	506
995	534
995	562
995	564
995	572
995	578
995	592
995	599
995	600
995	626
995	642
995	645
995	646
995	681
995	687
995	694
995	696
995	718
995	779
995	785
995	787
995	790
995	812
995	825
995	835
995	838
995	844
995	846
995	888
995	894
995	895
995	908
995	912
995	930
995	935
995	939
995	941
995	948
995	949
995	956
995	963
995	965
995	967
995	978
995	981
995	983
995	985
995	988
996	7
996	16
996	44
996	45
996	50
996	74
996	78
996	83
996	91
996	142
996	145
996	156
996	158
996	183
996	189
996	202
996	212
996	225
996	231
996	239
996	270
996	315
996	317
996	321
996	327
996	329
996	353
996	362
996	382
996	392
996	407
996	432
996	435
996	443
996	457
996	458
996	465
996	467
996	478
996	479
996	493
996	510
996	546
996	554
996	556
996	561
996	571
996	588
996	589
996	616
996	625
996	628
996	630
996	646
996	663
996	671
996	672
996	686
996	726
996	727
996	745
996	746
996	755
996	778
996	781
996	785
996	789
996	793
996	810
996	823
996	827
996	834
996	836
996	850
996	882
996	885
996	906
996	912
996	928
996	933
996	942
996	947
996	955
996	971
996	975
996	979
996	984
996	988
997	12
997	28
997	41
997	49
997	52
997	68
997	80
997	84
997	102
997	122
997	129
997	134
997	164
997	166
997	168
997	188
997	206
997	209
997	219
997	253
997	276
997	281
997	312
997	317
997	325
997	365
997	367
997	383
997	397
997	408
997	419
997	436
997	437
997	446
997	471
997	506
997	519
997	523
997	530
997	531
997	537
997	544
997	547
997	548
997	551
997	559
997	565
997	566
997	583
997	585
997	593
997	595
997	627
997	637
997	640
997	661
997	716
997	720
997	723
997	732
997	744
997	774
997	783
997	802
997	803
997	806
997	814
997	830
997	848
997	853
997	865
997	867
997	869
997	874
997	878
997	891
997	902
997	903
997	918
997	950
997	957
997	970
997	972
997	975
997	977
997	980
997	987
997	988
997	992
997	998
998	35
998	61
998	63
998	67
998	77
998	100
998	133
998	139
998	152
998	160
998	173
998	188
998	203
998	221
998	222
998	255
998	274
998	279
998	283
998	292
998	295
998	330
998	334
998	350
998	358
998	374
998	381
998	403
998	413
998	424
998	470
998	475
998	488
998	491
998	505
998	509
998	522
998	538
998	539
998	543
998	550
998	552
998	569
998	577
998	591
998	596
998	606
998	608
998	629
998	649
998	662
998	665
998	688
998	691
998	706
998	713
998	721
998	754
998	757
998	758
998	797
998	799
998	833
998	842
998	849
998	866
998	876
998	886
998	898
998	907
998	925
998	932
998	937
998	938
998	940
998	950
998	955
998	958
998	960
998	961
998	962
998	966
998	968
998	970
998	971
998	973
998	984
998	985
998	992
998	997
998	1000
999	11
999	15
999	21
999	29
999	39
999	54
999	56
999	63
999	66
999	69
999	87
999	108
999	130
999	132
999	174
999	185
999	187
999	205
999	240
999	242
999	243
999	257
999	258
999	259
999	264
999	289
999	293
999	304
999	305
999	323
999	349
999	359
999	360
999	412
999	447
999	448
999	454
999	466
999	490
999	517
999	526
999	535
999	560
999	572
999	617
999	619
999	630
999	636
999	652
999	663
999	677
999	724
999	738
999	750
999	762
999	763
999	771
999	780
999	798
999	811
999	813
999	821
999	831
999	837
999	839
999	846
999	847
999	868
999	877
999	879
999	887
999	891
999	894
999	900
999	904
999	910
999	913
999	916
999	921
999	926
999	931
999	934
999	937
999	939
999	940
999	941
999	942
999	946
999	954
999	964
999	968
999	987
999	988
999	990
999	991
1000	16
1000	34
1000	51
1000	92
1000	105
1000	147
1000	162
1000	167
1000	168
1000	175
1000	176
1000	177
1000	178
1000	194
1000	195
1000	237
1000	254
1000	262
1000	265
1000	269
1000	273
1000	280
1000	300
1000	302
1000	303
1000	309
1000	311
1000	314
1000	335
1000	340
1000	357
1000	361
1000	365
1000	366
1000	391
1000	405
1000	420
1000	421
1000	426
1000	438
1000	449
1000	460
1000	476
1000	484
1000	516
1000	527
1000	558
1000	567
1000	574
1000	586
1000	594
1000	602
1000	611
1000	635
1000	647
1000	656
1000	670
1000	675
1000	699
1000	740
1000	750
1000	751
1000	753
1000	761
1000	765
1000	767
1000	769
1000	772
1000	773
1000	775
1000	822
1000	832
1000	845
1000	849
1000	856
1000	869
1000	871
1000	873
1000	889
1000	891
1000	892
1000	899
1000	905
1000	918
1000	939
1000	942
1000	944
1000	947
1000	951
1000	954
1000	976
1000	977
1000	979
1000	980
1000	984
1000	986
1000	987
1000	991
1000	992
1000	998
